%YAML:1.0
---
model_type: PINHOLE
camera_name: camera
image_width: 640
image_height: 480
distortion_parameters:
   k1: 0.0
   k2: 0.0
   p1: 0.0
   p2: 0.0
projection_parameters:
   fx: 382.991455078125
   fy: 382.991455078125
   cx: 326.70745849609375
   cy: 238.39846801757812
